{
 "cells": [
  {
   "cell_type": "markdown",
   "id": "23e0bbee-86a7-49c2-a745-2863b9bd213f",
   "metadata": {
    "id": "23e0bbee-86a7-49c2-a745-2863b9bd213f",
    "tags": []
   },
   "source": [
    "# (12주차) 11월30일 + 11월25일보충강의 \n",
    "> select, filter, mutate, group_by, summarise\n",
    "\n",
    "- toc:true\n",
    "- branch: master\n",
    "- badges: true\n",
    "- comments: true\n",
    "- author: 최규빈"
   ]
  },
  {
   "cell_type": "markdown",
   "id": "8295f93c-318f-4b6f-b377-8c39f69ead02",
   "metadata": {
    "id": "8295f93c-318f-4b6f-b377-8c39f69ead02",
    "tags": []
   },
   "source": [
    "### 데이터프레임과 티블 "
   ]
  },
  {
   "cell_type": "code",
   "execution_count": null,
   "id": "fb59c207-f358-4b3b-850a-273ddf7fe709",
   "metadata": {
    "id": "fb59c207-f358-4b3b-850a-273ddf7fe709"
   },
   "outputs": [],
   "source": [
    "#hide\n",
    "options(jupyter.plot_scale=3)\n",
    "options(jupyter.display_mimetypes=c(\"text/html\"))\n",
    "options(jupyter.rich_display=FALSE)\n",
    "options(repr.plot.width=6,repr.plot.height=6,repr.plot.res=300)\n",
    "options(max.print=200)"
   ]
  },
  {
   "cell_type": "code",
   "execution_count": null,
   "id": "23aefc52-bf62-4012-b53f-31bdc2c0d293",
   "metadata": {
    "id": "23aefc52-bf62-4012-b53f-31bdc2c0d293"
   },
   "outputs": [],
   "source": [
    "library(tidyverse)"
   ]
  },
  {
   "cell_type": "markdown",
   "id": "4316441c-4bfe-4902-ad00-78647170c3a8",
   "metadata": {
    "id": "4316441c-4bfe-4902-ad00-78647170c3a8"
   },
   "source": [
    "`-` 길이가 50인 벡터생성 "
   ]
  },
  {
   "cell_type": "code",
   "execution_count": null,
   "id": "77429c00-5709-4f45-b9a2-4da5d21ae299",
   "metadata": {
    "id": "77429c00-5709-4f45-b9a2-4da5d21ae299",
    "outputId": "daaa2b16-b882-4d59-8b3c-80acb611bd58"
   },
   "outputs": [
    {
     "data": {
      "text/plain": [
       " [1]  1.17767702  2.73106894 -1.35304458 -0.03276446  0.53369832  0.49395437\n",
       " [7] -0.57098744  0.08639052  0.13038589 -0.83919513  0.63070688  0.79315491\n",
       "[13] -0.88411918 -0.89302478 -1.73600236 -1.03698473 -0.01582456  0.96717754\n",
       "[19] -0.22076719  1.01093743  0.95756614 -1.06746861 -0.80694017  0.40289417\n",
       "[25]  0.03584857  0.07879276 -1.20817133 -0.67848560 -0.99625585  0.99035758\n",
       "[31] -0.30129979  0.63455394  0.59275899 -0.02683564  0.36659406 -0.39990796\n",
       "[37]  0.03857880 -0.94117668 -0.52508619  0.68735157 -0.11328093 -0.62775891\n",
       "[43]  0.90407099  0.45493649 -0.32498564  0.11173280 -0.18886705 -0.30540003\n",
       "[49]  1.84845946 -0.17473138"
      ]
     },
     "metadata": {},
     "output_type": "display_data"
    }
   ],
   "source": [
    "A = rnorm(10*5)\n",
    "A ## 길이가 50인 벡터에 정규분포에 추출한 값 "
   ]
  },
  {
   "cell_type": "markdown",
   "id": "e6d41049-588a-479b-9219-55c995aa4fa8",
   "metadata": {
    "id": "e6d41049-588a-479b-9219-55c995aa4fa8"
   },
   "source": [
    "`-` 매트릭스로 변경 "
   ]
  },
  {
   "cell_type": "code",
   "execution_count": null,
   "id": "e9c183ca-3cd1-463d-a0e1-7680f6a5e11d",
   "metadata": {
    "id": "e9c183ca-3cd1-463d-a0e1-7680f6a5e11d",
    "outputId": "b2cc2651-997a-4147-ceec-ad9684bc9c60"
   },
   "outputs": [
    {
     "data": {
      "text/plain": [
       "      [,1]        [,2]        [,3]        [,4]        [,5]      \n",
       " [1,]  1.17767702  0.63070688  0.95756614 -0.30129979 -0.1132809\n",
       " [2,]  2.73106894  0.79315491 -1.06746861  0.63455394 -0.6277589\n",
       " [3,] -1.35304458 -0.88411918 -0.80694017  0.59275899  0.9040710\n",
       " [4,] -0.03276446 -0.89302478  0.40289417 -0.02683564  0.4549365\n",
       " [5,]  0.53369832 -1.73600236  0.03584857  0.36659406 -0.3249856\n",
       " [6,]  0.49395437 -1.03698473  0.07879276 -0.39990796  0.1117328\n",
       " [7,] -0.57098744 -0.01582456 -1.20817133  0.03857880 -0.1888670\n",
       " [8,]  0.08639052  0.96717754 -0.67848560 -0.94117668 -0.3054000\n",
       " [9,]  0.13038589 -0.22076719 -0.99625585 -0.52508619  1.8484595\n",
       "[10,] -0.83919513  1.01093743  0.99035758  0.68735157 -0.1747314"
      ]
     },
     "metadata": {},
     "output_type": "display_data"
    }
   ],
   "source": [
    "dim(A) = c(10,5) \n",
    "A"
   ]
  },
  {
   "cell_type": "markdown",
   "id": "6edd01c5-1034-491e-acfc-6b4ea3a2d4b4",
   "metadata": {
    "id": "6edd01c5-1034-491e-acfc-6b4ea3a2d4b4"
   },
   "source": [
    "`-` 티블로 변경 (자동으로 V1,...,V5 열의 이름이 지정됨) "
   ]
  },
  {
   "cell_type": "code",
   "execution_count": null,
   "id": "495c5eed-c00a-4e20-995f-d690e6f573ec",
   "metadata": {
    "id": "495c5eed-c00a-4e20-995f-d690e6f573ec",
    "outputId": "8363dc26-ef38-4515-a466-3899d50bb7eb"
   },
   "outputs": [
    {
     "name": "stderr",
     "output_type": "stream",
     "text": [
      "Warning message:\n",
      "“The `x` argument of `as_tibble.matrix()` must have unique column names if `.name_repair` is omitted as of tibble 2.0.0.\n",
      "Using compatibility `.name_repair`.\n",
      "\u001b[90mThis warning is displayed once every 8 hours.\u001b[39m\n",
      "\u001b[90mCall `lifecycle::last_lifecycle_warnings()` to see where this warning was generated.\u001b[39m”\n"
     ]
    },
    {
     "data": {
      "text/plain": [
       "   V1          V2          V3          V4          V5        \n",
       "1   1.17767702  0.63070688  0.95756614 -0.30129979 -0.1132809\n",
       "2   2.73106894  0.79315491 -1.06746861  0.63455394 -0.6277589\n",
       "3  -1.35304458 -0.88411918 -0.80694017  0.59275899  0.9040710\n",
       "4  -0.03276446 -0.89302478  0.40289417 -0.02683564  0.4549365\n",
       "5   0.53369832 -1.73600236  0.03584857  0.36659406 -0.3249856\n",
       "6   0.49395437 -1.03698473  0.07879276 -0.39990796  0.1117328\n",
       "7  -0.57098744 -0.01582456 -1.20817133  0.03857880 -0.1888670\n",
       "8   0.08639052  0.96717754 -0.67848560 -0.94117668 -0.3054000\n",
       "9   0.13038589 -0.22076719 -0.99625585 -0.52508619  1.8484595\n",
       "10 -0.83919513  1.01093743  0.99035758  0.68735157 -0.1747314"
      ]
     },
     "metadata": {},
     "output_type": "display_data"
    }
   ],
   "source": [
    "A = as_tibble(A) \n",
    "A"
   ]
  },
  {
   "cell_type": "markdown",
   "id": "377eb7e9-fec0-4bfa-b58e-c5a423041426",
   "metadata": {
    "id": "377eb7e9-fec0-4bfa-b58e-c5a423041426"
   },
   "source": [
    "`-` 컬럼의 이름 확인 "
   ]
  },
  {
   "cell_type": "code",
   "execution_count": null,
   "id": "18e9272b-c9df-4f48-884d-821e1ed1875a",
   "metadata": {
    "id": "18e9272b-c9df-4f48-884d-821e1ed1875a",
    "outputId": "2a8e660e-3016-47cc-97c6-125f73d75cee"
   },
   "outputs": [
    {
     "data": {
      "text/plain": [
       "[1] \"V1\" \"V2\" \"V3\" \"V4\" \"V5\""
      ]
     },
     "metadata": {},
     "output_type": "display_data"
    }
   ],
   "source": [
    "colnames(A)"
   ]
  },
  {
   "cell_type": "markdown",
   "id": "c79b57fb-a876-4dae-a719-dcd9b0da6291",
   "metadata": {
    "id": "c79b57fb-a876-4dae-a719-dcd9b0da6291"
   },
   "source": [
    "`-` 칼럼의 이름을 바꾸고 싶다면? "
   ]
  },
  {
   "cell_type": "code",
   "execution_count": null,
   "id": "82b0a2cf-5148-4224-bc4b-13763954cad3",
   "metadata": {
    "id": "82b0a2cf-5148-4224-bc4b-13763954cad3",
    "outputId": "040f5a55-2b26-4e39-a15b-388c4e186dec"
   },
   "outputs": [
    {
     "data": {
      "text/plain": [
       "   X1          X2          X3          X4          X5        \n",
       "1   1.17767702  0.63070688  0.95756614 -0.30129979 -0.1132809\n",
       "2   2.73106894  0.79315491 -1.06746861  0.63455394 -0.6277589\n",
       "3  -1.35304458 -0.88411918 -0.80694017  0.59275899  0.9040710\n",
       "4  -0.03276446 -0.89302478  0.40289417 -0.02683564  0.4549365\n",
       "5   0.53369832 -1.73600236  0.03584857  0.36659406 -0.3249856\n",
       "6   0.49395437 -1.03698473  0.07879276 -0.39990796  0.1117328\n",
       "7  -0.57098744 -0.01582456 -1.20817133  0.03857880 -0.1888670\n",
       "8   0.08639052  0.96717754 -0.67848560 -0.94117668 -0.3054000\n",
       "9   0.13038589 -0.22076719 -0.99625585 -0.52508619  1.8484595\n",
       "10 -0.83919513  1.01093743  0.99035758  0.68735157 -0.1747314"
      ]
     },
     "metadata": {},
     "output_type": "display_data"
    }
   ],
   "source": [
    "colnames(A) = c('X1','X2','X3','X4','X5') \n",
    "A"
   ]
  },
  {
   "cell_type": "markdown",
   "id": "03d7113a-2769-4f32-8be6-b0f2c52d01b1",
   "metadata": {
    "id": "03d7113a-2769-4f32-8be6-b0f2c52d01b1"
   },
   "source": [
    "### select() "
   ]
  },
  {
   "cell_type": "markdown",
   "id": "a79f3b27-58e2-4346-ad24-02d9d69d83b4",
   "metadata": {
    "id": "a79f3b27-58e2-4346-ad24-02d9d69d83b4"
   },
   "source": [
    "`-` 처음 3개의 칼럼과 마지막 1개의 칼럼을 선택하고 싶다면? "
   ]
  },
  {
   "cell_type": "code",
   "execution_count": null,
   "id": "4e56bd95-8f61-4be0-bdd2-52f5a6081ab4",
   "metadata": {
    "id": "4e56bd95-8f61-4be0-bdd2-52f5a6081ab4",
    "outputId": "8f3713e2-a8a4-4848-d24b-bc6a1fee287f"
   },
   "outputs": [
    {
     "data": {
      "text/plain": [
       "   X1          X2          X3          X5        \n",
       "1   1.17767702  0.63070688  0.95756614 -0.1132809\n",
       "2   2.73106894  0.79315491 -1.06746861 -0.6277589\n",
       "3  -1.35304458 -0.88411918 -0.80694017  0.9040710\n",
       "4  -0.03276446 -0.89302478  0.40289417  0.4549365\n",
       "5   0.53369832 -1.73600236  0.03584857 -0.3249856\n",
       "6   0.49395437 -1.03698473  0.07879276  0.1117328\n",
       "7  -0.57098744 -0.01582456 -1.20817133 -0.1888670\n",
       "8   0.08639052  0.96717754 -0.67848560 -0.3054000\n",
       "9   0.13038589 -0.22076719 -0.99625585  1.8484595\n",
       "10 -0.83919513  1.01093743  0.99035758 -0.1747314"
      ]
     },
     "metadata": {},
     "output_type": "display_data"
    }
   ],
   "source": [
    "A %>% select(1:3,5) "
   ]
  },
  {
   "cell_type": "markdown",
   "id": "f49d0c9a-fdd3-4722-9e39-fa94f749a637",
   "metadata": {
    "id": "f49d0c9a-fdd3-4722-9e39-fa94f749a637"
   },
   "source": [
    "`-` 열의 이름을 통하여서도 선택할 수 있음 "
   ]
  },
  {
   "cell_type": "code",
   "execution_count": null,
   "id": "50b3c218-17e2-47c4-be62-34094fca2263",
   "metadata": {
    "id": "50b3c218-17e2-47c4-be62-34094fca2263",
    "outputId": "bd574078-6086-4a85-de89-a0aa2ebd0b39"
   },
   "outputs": [
    {
     "data": {
      "text/plain": [
       "   X1          X2          X3          X5        \n",
       "1   1.17767702  0.63070688  0.95756614 -0.1132809\n",
       "2   2.73106894  0.79315491 -1.06746861 -0.6277589\n",
       "3  -1.35304458 -0.88411918 -0.80694017  0.9040710\n",
       "4  -0.03276446 -0.89302478  0.40289417  0.4549365\n",
       "5   0.53369832 -1.73600236  0.03584857 -0.3249856\n",
       "6   0.49395437 -1.03698473  0.07879276  0.1117328\n",
       "7  -0.57098744 -0.01582456 -1.20817133 -0.1888670\n",
       "8   0.08639052  0.96717754 -0.67848560 -0.3054000\n",
       "9   0.13038589 -0.22076719 -0.99625585  1.8484595\n",
       "10 -0.83919513  1.01093743  0.99035758 -0.1747314"
      ]
     },
     "metadata": {},
     "output_type": "display_data"
    }
   ],
   "source": [
    "A %>% select(X1:X3,X5) "
   ]
  },
  {
   "cell_type": "markdown",
   "id": "4456173a-141e-43c1-b709-50346dae533a",
   "metadata": {
    "id": "4456173a-141e-43c1-b709-50346dae533a"
   },
   "source": [
    "`-` 열의 이름과 위치인덱스를 혼합하여 사용할 수 있음 "
   ]
  },
  {
   "cell_type": "code",
   "execution_count": null,
   "id": "7db44c14-117b-4570-af40-5084097ce6eb",
   "metadata": {
    "id": "7db44c14-117b-4570-af40-5084097ce6eb",
    "outputId": "d44ade04-2bb4-401a-c982-c47502ebe882"
   },
   "outputs": [
    {
     "data": {
      "text/plain": [
       "   X1          X2          X3          X5        \n",
       "1   1.17767702  0.63070688  0.95756614 -0.1132809\n",
       "2   2.73106894  0.79315491 -1.06746861 -0.6277589\n",
       "3  -1.35304458 -0.88411918 -0.80694017  0.9040710\n",
       "4  -0.03276446 -0.89302478  0.40289417  0.4549365\n",
       "5   0.53369832 -1.73600236  0.03584857 -0.3249856\n",
       "6   0.49395437 -1.03698473  0.07879276  0.1117328\n",
       "7  -0.57098744 -0.01582456 -1.20817133 -0.1888670\n",
       "8   0.08639052  0.96717754 -0.67848560 -0.3054000\n",
       "9   0.13038589 -0.22076719 -0.99625585  1.8484595\n",
       "10 -0.83919513  1.01093743  0.99035758 -0.1747314"
      ]
     },
     "metadata": {},
     "output_type": "display_data"
    }
   ],
   "source": [
    "A %>% select(X1:X3, 5)"
   ]
  },
  {
   "cell_type": "markdown",
   "id": "15e39b40-ef8e-4cd1-baa5-7ba884da445f",
   "metadata": {
    "id": "15e39b40-ef8e-4cd1-baa5-7ba884da445f"
   },
   "source": [
    "`-` 열의 이름과 위치인덱스를 혼합하여 사용할 수 있음 (2) "
   ]
  },
  {
   "cell_type": "code",
   "execution_count": null,
   "id": "2eba930a-e25a-468e-a8fb-c94c38dafcae",
   "metadata": {
    "id": "2eba930a-e25a-468e-a8fb-c94c38dafcae",
    "outputId": "cdd1fd13-5816-4dda-8a46-a5b8e0d8a567"
   },
   "outputs": [
    {
     "data": {
      "text/plain": [
       "   X1          X2          X3          X5        \n",
       "1   1.17767702  0.63070688  0.95756614 -0.1132809\n",
       "2   2.73106894  0.79315491 -1.06746861 -0.6277589\n",
       "3  -1.35304458 -0.88411918 -0.80694017  0.9040710\n",
       "4  -0.03276446 -0.89302478  0.40289417  0.4549365\n",
       "5   0.53369832 -1.73600236  0.03584857 -0.3249856\n",
       "6   0.49395437 -1.03698473  0.07879276  0.1117328\n",
       "7  -0.57098744 -0.01582456 -1.20817133 -0.1888670\n",
       "8   0.08639052  0.96717754 -0.67848560 -0.3054000\n",
       "9   0.13038589 -0.22076719 -0.99625585  1.8484595\n",
       "10 -0.83919513  1.01093743  0.99035758 -0.1747314"
      ]
     },
     "metadata": {},
     "output_type": "display_data"
    }
   ],
   "source": [
    "A %>% select(1:3, X5)"
   ]
  },
  {
   "cell_type": "markdown",
   "id": "c259f1fc-3cba-47e6-b091-a6696a14eac5",
   "metadata": {
    "id": "c259f1fc-3cba-47e6-b091-a6696a14eac5"
   },
   "source": [
    "`-` 선택한 결과를 다른 변수에 저장가능 "
   ]
  },
  {
   "cell_type": "code",
   "execution_count": null,
   "id": "38558f92-0dfa-4089-9f89-25a032b3348f",
   "metadata": {
    "id": "38558f92-0dfa-4089-9f89-25a032b3348f",
    "outputId": "e2940949-2d4e-4af4-ddfa-1b678117623a"
   },
   "outputs": [
    {
     "data": {
      "text/plain": [
       "   X1          X2          X3          X5        \n",
       "1   1.17767702  0.63070688  0.95756614 -0.1132809\n",
       "2   2.73106894  0.79315491 -1.06746861 -0.6277589\n",
       "3  -1.35304458 -0.88411918 -0.80694017  0.9040710\n",
       "4  -0.03276446 -0.89302478  0.40289417  0.4549365\n",
       "5   0.53369832 -1.73600236  0.03584857 -0.3249856\n",
       "6   0.49395437 -1.03698473  0.07879276  0.1117328\n",
       "7  -0.57098744 -0.01582456 -1.20817133 -0.1888670\n",
       "8   0.08639052  0.96717754 -0.67848560 -0.3054000\n",
       "9   0.13038589 -0.22076719 -0.99625585  1.8484595\n",
       "10 -0.83919513  1.01093743  0.99035758 -0.1747314"
      ]
     },
     "metadata": {},
     "output_type": "display_data"
    }
   ],
   "source": [
    "A %>% select(1:3, X5) -> B \n",
    "B"
   ]
  },
  {
   "cell_type": "markdown",
   "id": "4ff6aaa4-c52a-47ce-ba96-29495f844212",
   "metadata": {
    "id": "4ff6aaa4-c52a-47ce-ba96-29495f844212",
    "tags": []
   },
   "source": [
    "#### select(-c()) "
   ]
  },
  {
   "cell_type": "markdown",
   "id": "7eb115da-3082-4e71-9283-d46424e6ef5d",
   "metadata": {
    "id": "7eb115da-3082-4e71-9283-d46424e6ef5d"
   },
   "source": [
    "`-` A라는 자료를 다시 살펴보자. "
   ]
  },
  {
   "cell_type": "code",
   "execution_count": null,
   "id": "7df8d117-504d-49cb-9e15-945c595eb2c0",
   "metadata": {
    "id": "7df8d117-504d-49cb-9e15-945c595eb2c0",
    "outputId": "6ba9efec-4789-46e6-c8b8-19e8178c5d51"
   },
   "outputs": [
    {
     "data": {
      "text/plain": [
       "   X1          X2          X3          X4          X5        \n",
       "1   1.17767702  0.63070688  0.95756614 -0.30129979 -0.1132809\n",
       "2   2.73106894  0.79315491 -1.06746861  0.63455394 -0.6277589\n",
       "3  -1.35304458 -0.88411918 -0.80694017  0.59275899  0.9040710\n",
       "4  -0.03276446 -0.89302478  0.40289417 -0.02683564  0.4549365\n",
       "5   0.53369832 -1.73600236  0.03584857  0.36659406 -0.3249856\n",
       "6   0.49395437 -1.03698473  0.07879276 -0.39990796  0.1117328\n",
       "7  -0.57098744 -0.01582456 -1.20817133  0.03857880 -0.1888670\n",
       "8   0.08639052  0.96717754 -0.67848560 -0.94117668 -0.3054000\n",
       "9   0.13038589 -0.22076719 -0.99625585 -0.52508619  1.8484595\n",
       "10 -0.83919513  1.01093743  0.99035758  0.68735157 -0.1747314"
      ]
     },
     "metadata": {},
     "output_type": "display_data"
    }
   ],
   "source": [
    "A"
   ]
  },
  {
   "cell_type": "markdown",
   "id": "67a58864-e679-4e36-8e46-3e4ae26abb6e",
   "metadata": {
    "id": "67a58864-e679-4e36-8e46-3e4ae26abb6e"
   },
   "source": [
    "`-` 특정열을 제외하고 선택 "
   ]
  },
  {
   "cell_type": "code",
   "execution_count": null,
   "id": "be20c6b8-ccef-448f-9d65-0f4ed9a63584",
   "metadata": {
    "id": "be20c6b8-ccef-448f-9d65-0f4ed9a63584",
    "outputId": "dbe5bb69-f3fe-4055-f517-f44664d1c333"
   },
   "outputs": [
    {
     "data": {
      "text/plain": [
       "   X4          X5        \n",
       "1  -0.30129979 -0.1132809\n",
       "2   0.63455394 -0.6277589\n",
       "3   0.59275899  0.9040710\n",
       "4  -0.02683564  0.4549365\n",
       "5   0.36659406 -0.3249856\n",
       "6  -0.39990796  0.1117328\n",
       "7   0.03857880 -0.1888670\n",
       "8  -0.94117668 -0.3054000\n",
       "9  -0.52508619  1.8484595\n",
       "10  0.68735157 -0.1747314"
      ]
     },
     "metadata": {},
     "output_type": "display_data"
    }
   ],
   "source": [
    "A %>% select(-(X1:X3))"
   ]
  },
  {
   "cell_type": "code",
   "execution_count": null,
   "id": "7ca8dca7-0f59-4c8f-a309-d542cdec2828",
   "metadata": {
    "id": "7ca8dca7-0f59-4c8f-a309-d542cdec2828",
    "outputId": "41926f47-08eb-48c7-d10d-c728f748ab6e"
   },
   "outputs": [
    {
     "data": {
      "text/plain": [
       "   X4          X5        \n",
       "1  -0.30129979 -0.1132809\n",
       "2   0.63455394 -0.6277589\n",
       "3   0.59275899  0.9040710\n",
       "4  -0.02683564  0.4549365\n",
       "5   0.36659406 -0.3249856\n",
       "6  -0.39990796  0.1117328\n",
       "7   0.03857880 -0.1888670\n",
       "8  -0.94117668 -0.3054000\n",
       "9  -0.52508619  1.8484595\n",
       "10  0.68735157 -0.1747314"
      ]
     },
     "metadata": {},
     "output_type": "display_data"
    }
   ],
   "source": [
    "A %>% select(-(1:3))"
   ]
  },
  {
   "cell_type": "markdown",
   "id": "1602d7e1-e3c6-4e4e-a1c5-f8e53b86c6e1",
   "metadata": {
    "id": "1602d7e1-e3c6-4e4e-a1c5-f8e53b86c6e1",
    "tags": []
   },
   "source": [
    "#### select(...,start_with()) "
   ]
  },
  {
   "cell_type": "markdown",
   "id": "b9cf0f13-de39-4e9a-8271-c6e8b9548104",
   "metadata": {
    "id": "b9cf0f13-de39-4e9a-8271-c6e8b9548104"
   },
   "source": [
    "`-` 데이터 확인 "
   ]
  },
  {
   "cell_type": "code",
   "execution_count": null,
   "id": "63489980-1c09-4b59-8973-ac7c4c722c6b",
   "metadata": {
    "id": "63489980-1c09-4b59-8973-ac7c4c722c6b",
    "outputId": "acf307d0-124a-43d3-b5ab-36e6488e7e90"
   },
   "outputs": [
    {
     "data": {
      "text/plain": [
       "   X1          X2          X3          X4          X5        \n",
       "1   1.17767702  0.63070688  0.95756614 -0.30129979 -0.1132809\n",
       "2   2.73106894  0.79315491 -1.06746861  0.63455394 -0.6277589\n",
       "3  -1.35304458 -0.88411918 -0.80694017  0.59275899  0.9040710\n",
       "4  -0.03276446 -0.89302478  0.40289417 -0.02683564  0.4549365\n",
       "5   0.53369832 -1.73600236  0.03584857  0.36659406 -0.3249856\n",
       "6   0.49395437 -1.03698473  0.07879276 -0.39990796  0.1117328\n",
       "7  -0.57098744 -0.01582456 -1.20817133  0.03857880 -0.1888670\n",
       "8   0.08639052  0.96717754 -0.67848560 -0.94117668 -0.3054000\n",
       "9   0.13038589 -0.22076719 -0.99625585 -0.52508619  1.8484595\n",
       "10 -0.83919513  1.01093743  0.99035758  0.68735157 -0.1747314"
      ]
     },
     "metadata": {},
     "output_type": "display_data"
    }
   ],
   "source": [
    "A"
   ]
  },
  {
   "cell_type": "markdown",
   "id": "43ee0e96-2baa-43de-a4d5-c55630f4a6c3",
   "metadata": {
    "id": "43ee0e96-2baa-43de-a4d5-c55630f4a6c3"
   },
   "source": [
    "`-` 열의 이름 확인 및 변경 "
   ]
  },
  {
   "cell_type": "code",
   "execution_count": null,
   "id": "adeb4794-0c7c-4afb-94c5-3f316be89b10",
   "metadata": {
    "id": "adeb4794-0c7c-4afb-94c5-3f316be89b10",
    "outputId": "247331a4-b031-41ed-eed5-10509efdadb9"
   },
   "outputs": [
    {
     "data": {
      "text/plain": [
       "[1] \"X1\" \"X2\" \"X3\" \"X4\" \"X5\""
      ]
     },
     "metadata": {},
     "output_type": "display_data"
    }
   ],
   "source": [
    "colnames(A) "
   ]
  },
  {
   "cell_type": "code",
   "execution_count": null,
   "id": "9250d0c8-22de-4a16-8724-3e5f874244ff",
   "metadata": {
    "id": "9250d0c8-22de-4a16-8724-3e5f874244ff"
   },
   "outputs": [],
   "source": [
    "colnames(A)= c('XY1','XY2','XZ1','XZ2','X5')"
   ]
  },
  {
   "cell_type": "code",
   "execution_count": null,
   "id": "8264d3da-3f9f-4c27-9ebd-dbcd0f656c0b",
   "metadata": {
    "id": "8264d3da-3f9f-4c27-9ebd-dbcd0f656c0b",
    "outputId": "7b9e2c8d-2ac9-4d42-f9fe-ec62f4a90213"
   },
   "outputs": [
    {
     "data": {
      "text/plain": [
       "   XY1         XY2         XZ1         XZ2         X5        \n",
       "1   1.17767702  0.63070688  0.95756614 -0.30129979 -0.1132809\n",
       "2   2.73106894  0.79315491 -1.06746861  0.63455394 -0.6277589\n",
       "3  -1.35304458 -0.88411918 -0.80694017  0.59275899  0.9040710\n",
       "4  -0.03276446 -0.89302478  0.40289417 -0.02683564  0.4549365\n",
       "5   0.53369832 -1.73600236  0.03584857  0.36659406 -0.3249856\n",
       "6   0.49395437 -1.03698473  0.07879276 -0.39990796  0.1117328\n",
       "7  -0.57098744 -0.01582456 -1.20817133  0.03857880 -0.1888670\n",
       "8   0.08639052  0.96717754 -0.67848560 -0.94117668 -0.3054000\n",
       "9   0.13038589 -0.22076719 -0.99625585 -0.52508619  1.8484595\n",
       "10 -0.83919513  1.01093743  0.99035758  0.68735157 -0.1747314"
      ]
     },
     "metadata": {},
     "output_type": "display_data"
    }
   ],
   "source": [
    "A"
   ]
  },
  {
   "cell_type": "markdown",
   "id": "1001b0ec-61c6-421c-9f70-6dd0aaad3477",
   "metadata": {
    "id": "1001b0ec-61c6-421c-9f70-6dd0aaad3477"
   },
   "source": [
    "`-` XY로 시작하는 열을 선택 "
   ]
  },
  {
   "cell_type": "code",
   "execution_count": null,
   "id": "1801bc58-e5b4-4de5-a7ac-c21ed6b7e9ba",
   "metadata": {
    "id": "1801bc58-e5b4-4de5-a7ac-c21ed6b7e9ba",
    "outputId": "78e256a5-f664-4fca-8955-ed1ae9c58223"
   },
   "outputs": [
    {
     "data": {
      "text/plain": [
       "   XY1         XY2        \n",
       "1   1.17767702  0.63070688\n",
       "2   2.73106894  0.79315491\n",
       "3  -1.35304458 -0.88411918\n",
       "4  -0.03276446 -0.89302478\n",
       "5   0.53369832 -1.73600236\n",
       "6   0.49395437 -1.03698473\n",
       "7  -0.57098744 -0.01582456\n",
       "8   0.08639052  0.96717754\n",
       "9   0.13038589 -0.22076719\n",
       "10 -0.83919513  1.01093743"
      ]
     },
     "metadata": {},
     "output_type": "display_data"
    }
   ],
   "source": [
    "A %>% select(starts_with('XY'))"
   ]
  },
  {
   "cell_type": "markdown",
   "id": "3943a940-c242-46c4-b79e-9a2bc114527f",
   "metadata": {
    "id": "3943a940-c242-46c4-b79e-9a2bc114527f"
   },
   "source": [
    "#### select(...,ends_with()) "
   ]
  },
  {
   "cell_type": "markdown",
   "id": "3a4631cf-c135-485a-b2f2-dea9c4f1f7be",
   "metadata": {
    "id": "3a4631cf-c135-485a-b2f2-dea9c4f1f7be"
   },
   "source": [
    "`-` 데이터확인 "
   ]
  },
  {
   "cell_type": "code",
   "execution_count": null,
   "id": "cf6639e6-a1dd-4cd5-9bb8-1e913b74c990",
   "metadata": {
    "id": "cf6639e6-a1dd-4cd5-9bb8-1e913b74c990",
    "outputId": "d82a5aa3-afc0-438b-b57b-bdccb30f3761"
   },
   "outputs": [
    {
     "data": {
      "text/plain": [
       "   XY1         XY2         XZ1         XZ2         X5        \n",
       "1   1.17767702  0.63070688  0.95756614 -0.30129979 -0.1132809\n",
       "2   2.73106894  0.79315491 -1.06746861  0.63455394 -0.6277589\n",
       "3  -1.35304458 -0.88411918 -0.80694017  0.59275899  0.9040710\n",
       "4  -0.03276446 -0.89302478  0.40289417 -0.02683564  0.4549365\n",
       "5   0.53369832 -1.73600236  0.03584857  0.36659406 -0.3249856\n",
       "6   0.49395437 -1.03698473  0.07879276 -0.39990796  0.1117328\n",
       "7  -0.57098744 -0.01582456 -1.20817133  0.03857880 -0.1888670\n",
       "8   0.08639052  0.96717754 -0.67848560 -0.94117668 -0.3054000\n",
       "9   0.13038589 -0.22076719 -0.99625585 -0.52508619  1.8484595\n",
       "10 -0.83919513  1.01093743  0.99035758  0.68735157 -0.1747314"
      ]
     },
     "metadata": {},
     "output_type": "display_data"
    }
   ],
   "source": [
    "A"
   ]
  },
  {
   "cell_type": "markdown",
   "id": "d2a133e4-dfbe-4c47-8314-e308662ad872",
   "metadata": {
    "id": "d2a133e4-dfbe-4c47-8314-e308662ad872"
   },
   "source": [
    "`-` 2로 끝나는 열을 선택 "
   ]
  },
  {
   "cell_type": "code",
   "execution_count": null,
   "id": "8d7c4017-e27d-480a-8020-9d2c86049957",
   "metadata": {
    "id": "8d7c4017-e27d-480a-8020-9d2c86049957",
    "outputId": "1bf44e7f-5cd4-485c-fb7c-532d57a9f29a"
   },
   "outputs": [
    {
     "data": {
      "text/plain": [
       "   XY2         XZ2        \n",
       "1   0.63070688 -0.30129979\n",
       "2   0.79315491  0.63455394\n",
       "3  -0.88411918  0.59275899\n",
       "4  -0.89302478 -0.02683564\n",
       "5  -1.73600236  0.36659406\n",
       "6  -1.03698473 -0.39990796\n",
       "7  -0.01582456  0.03857880\n",
       "8   0.96717754 -0.94117668\n",
       "9  -0.22076719 -0.52508619\n",
       "10  1.01093743  0.68735157"
      ]
     },
     "metadata": {},
     "output_type": "display_data"
    }
   ],
   "source": [
    "A %>% select(ends_with('2'))"
   ]
  },
  {
   "cell_type": "markdown",
   "id": "5bedd572-0cb0-44bf-8b4d-7145a7f35770",
   "metadata": {
    "id": "5bedd572-0cb0-44bf-8b4d-7145a7f35770"
   },
   "source": [
    "#### select(...,contains()) "
   ]
  },
  {
   "cell_type": "markdown",
   "id": "70e4bc67-581f-484d-85f5-ac2078744cc0",
   "metadata": {
    "id": "70e4bc67-581f-484d-85f5-ac2078744cc0"
   },
   "source": [
    "`-` 데이터확인 "
   ]
  },
  {
   "cell_type": "code",
   "execution_count": null,
   "id": "8ea81663-f459-4be1-8b74-ee15d5349794",
   "metadata": {
    "id": "8ea81663-f459-4be1-8b74-ee15d5349794",
    "outputId": "58188187-d3b5-4571-8e25-7f621c180b15"
   },
   "outputs": [
    {
     "data": {
      "text/plain": [
       "   XY1         XY2         XZ1         XZ2         X5        \n",
       "1   1.17767702  0.63070688  0.95756614 -0.30129979 -0.1132809\n",
       "2   2.73106894  0.79315491 -1.06746861  0.63455394 -0.6277589\n",
       "3  -1.35304458 -0.88411918 -0.80694017  0.59275899  0.9040710\n",
       "4  -0.03276446 -0.89302478  0.40289417 -0.02683564  0.4549365\n",
       "5   0.53369832 -1.73600236  0.03584857  0.36659406 -0.3249856\n",
       "6   0.49395437 -1.03698473  0.07879276 -0.39990796  0.1117328\n",
       "7  -0.57098744 -0.01582456 -1.20817133  0.03857880 -0.1888670\n",
       "8   0.08639052  0.96717754 -0.67848560 -0.94117668 -0.3054000\n",
       "9   0.13038589 -0.22076719 -0.99625585 -0.52508619  1.8484595\n",
       "10 -0.83919513  1.01093743  0.99035758  0.68735157 -0.1747314"
      ]
     },
     "metadata": {},
     "output_type": "display_data"
    }
   ],
   "source": [
    "A"
   ]
  },
  {
   "cell_type": "markdown",
   "id": "5fb35e28-c748-4fd8-89db-1eb1c76f4aa0",
   "metadata": {
    "id": "5fb35e28-c748-4fd8-89db-1eb1c76f4aa0"
   },
   "source": [
    "`-` Z를 포함하는 열을 선택 "
   ]
  },
  {
   "cell_type": "code",
   "execution_count": null,
   "id": "16ecdf28-94c9-431b-8abe-dea4d1af4267",
   "metadata": {
    "id": "16ecdf28-94c9-431b-8abe-dea4d1af4267",
    "outputId": "59dac3f5-cb3f-4894-bde5-19034d39971e"
   },
   "outputs": [
    {
     "data": {
      "text/plain": [
       "   XZ1         XZ2        \n",
       "1   0.95756614 -0.30129979\n",
       "2  -1.06746861  0.63455394\n",
       "3  -0.80694017  0.59275899\n",
       "4   0.40289417 -0.02683564\n",
       "5   0.03584857  0.36659406\n",
       "6   0.07879276 -0.39990796\n",
       "7  -1.20817133  0.03857880\n",
       "8  -0.67848560 -0.94117668\n",
       "9  -0.99625585 -0.52508619\n",
       "10  0.99035758  0.68735157"
      ]
     },
     "metadata": {},
     "output_type": "display_data"
    }
   ],
   "source": [
    "A %>% select(contains(\"Z\"))"
   ]
  },
  {
   "cell_type": "markdown",
   "id": "f158c91e-84e5-414f-9559-ac0d77951541",
   "metadata": {
    "id": "f158c91e-84e5-414f-9559-ac0d77951541"
   },
   "source": [
    "#### select(...,everything()) "
   ]
  },
  {
   "cell_type": "markdown",
   "id": "6cd5befd-5046-4f1b-ae5d-090be03812ff",
   "metadata": {
    "id": "6cd5befd-5046-4f1b-ae5d-090be03812ff"
   },
   "source": [
    "`-` 데이터확인 "
   ]
  },
  {
   "cell_type": "code",
   "execution_count": null,
   "id": "21ce2ce7-ebd2-4fb8-aedb-454d41b4d2aa",
   "metadata": {
    "id": "21ce2ce7-ebd2-4fb8-aedb-454d41b4d2aa",
    "outputId": "e6fe1bf8-a135-47cd-8136-91396f05b22d"
   },
   "outputs": [
    {
     "data": {
      "text/plain": [
       "   XY1         XY2         XZ1         XZ2         X5        \n",
       "1   1.17767702  0.63070688  0.95756614 -0.30129979 -0.1132809\n",
       "2   2.73106894  0.79315491 -1.06746861  0.63455394 -0.6277589\n",
       "3  -1.35304458 -0.88411918 -0.80694017  0.59275899  0.9040710\n",
       "4  -0.03276446 -0.89302478  0.40289417 -0.02683564  0.4549365\n",
       "5   0.53369832 -1.73600236  0.03584857  0.36659406 -0.3249856\n",
       "6   0.49395437 -1.03698473  0.07879276 -0.39990796  0.1117328\n",
       "7  -0.57098744 -0.01582456 -1.20817133  0.03857880 -0.1888670\n",
       "8   0.08639052  0.96717754 -0.67848560 -0.94117668 -0.3054000\n",
       "9   0.13038589 -0.22076719 -0.99625585 -0.52508619  1.8484595\n",
       "10 -0.83919513  1.01093743  0.99035758  0.68735157 -0.1747314"
      ]
     },
     "metadata": {},
     "output_type": "display_data"
    }
   ],
   "source": [
    "A"
   ]
  },
  {
   "cell_type": "markdown",
   "id": "e1e52523-7b53-4cd5-ae9f-9e80d52026ce",
   "metadata": {
    "id": "e1e52523-7b53-4cd5-ae9f-9e80d52026ce"
   },
   "source": [
    "`-` Z를 포함하는 열을 앞으로 이동시킴 "
   ]
  },
  {
   "cell_type": "code",
   "execution_count": null,
   "id": "a7d8149f-6798-4e9d-821a-9595d4bd0a2d",
   "metadata": {
    "id": "a7d8149f-6798-4e9d-821a-9595d4bd0a2d",
    "outputId": "0fba43a1-1394-43c3-e0d8-f5c428b11906"
   },
   "outputs": [
    {
     "data": {
      "text/plain": [
       "   XZ1         XZ2         XY1         XY2         X5        \n",
       "1   0.95756614 -0.30129979  1.17767702  0.63070688 -0.1132809\n",
       "2  -1.06746861  0.63455394  2.73106894  0.79315491 -0.6277589\n",
       "3  -0.80694017  0.59275899 -1.35304458 -0.88411918  0.9040710\n",
       "4   0.40289417 -0.02683564 -0.03276446 -0.89302478  0.4549365\n",
       "5   0.03584857  0.36659406  0.53369832 -1.73600236 -0.3249856\n",
       "6   0.07879276 -0.39990796  0.49395437 -1.03698473  0.1117328\n",
       "7  -1.20817133  0.03857880 -0.57098744 -0.01582456 -0.1888670\n",
       "8  -0.67848560 -0.94117668  0.08639052  0.96717754 -0.3054000\n",
       "9  -0.99625585 -0.52508619  0.13038589 -0.22076719  1.8484595\n",
       "10  0.99035758  0.68735157 -0.83919513  1.01093743 -0.1747314"
      ]
     },
     "metadata": {},
     "output_type": "display_data"
    }
   ],
   "source": [
    "A %>% select(contains(\"Z\"),everything())"
   ]
  },
  {
   "cell_type": "markdown",
   "id": "12dd3323-0d77-4df7-880c-d0fddb361aa5",
   "metadata": {
    "id": "12dd3323-0d77-4df7-880c-d0fddb361aa5"
   },
   "source": [
    "### filter()  "
   ]
  },
  {
   "cell_type": "markdown",
   "id": "a4776359-b270-4cfd-aa41-d6e3965a988c",
   "metadata": {
    "id": "a4776359-b270-4cfd-aa41-d6e3965a988c"
   },
   "source": [
    "`-` 데이터확인 "
   ]
  },
  {
   "cell_type": "code",
   "execution_count": null,
   "id": "ec375283-baca-4be1-95d4-6b9979cf1a76",
   "metadata": {
    "id": "ec375283-baca-4be1-95d4-6b9979cf1a76",
    "outputId": "ccee6f5f-cb97-4861-e8d3-f9a9bc655dfc"
   },
   "outputs": [
    {
     "data": {
      "text/plain": [
       "   XY1         XY2         XZ1         XZ2         X5        \n",
       "1   1.17767702  0.63070688  0.95756614 -0.30129979 -0.1132809\n",
       "2   2.73106894  0.79315491 -1.06746861  0.63455394 -0.6277589\n",
       "3  -1.35304458 -0.88411918 -0.80694017  0.59275899  0.9040710\n",
       "4  -0.03276446 -0.89302478  0.40289417 -0.02683564  0.4549365\n",
       "5   0.53369832 -1.73600236  0.03584857  0.36659406 -0.3249856\n",
       "6   0.49395437 -1.03698473  0.07879276 -0.39990796  0.1117328\n",
       "7  -0.57098744 -0.01582456 -1.20817133  0.03857880 -0.1888670\n",
       "8   0.08639052  0.96717754 -0.67848560 -0.94117668 -0.3054000\n",
       "9   0.13038589 -0.22076719 -0.99625585 -0.52508619  1.8484595\n",
       "10 -0.83919513  1.01093743  0.99035758  0.68735157 -0.1747314"
      ]
     },
     "metadata": {},
     "output_type": "display_data"
    }
   ],
   "source": [
    "A"
   ]
  },
  {
   "cell_type": "markdown",
   "id": "14efafbf-10f4-4e6b-bf84-ff0dee7d6f7a",
   "metadata": {
    "id": "14efafbf-10f4-4e6b-bf84-ff0dee7d6f7a"
   },
   "source": [
    "`-` X5>0인 행들만 뽑고싶다. "
   ]
  },
  {
   "cell_type": "code",
   "execution_count": null,
   "id": "91f456dc-d888-492f-8d3c-a7cfe8bc96b4",
   "metadata": {
    "id": "91f456dc-d888-492f-8d3c-a7cfe8bc96b4",
    "outputId": "e7b75c31-7015-499f-ea73-997d593b7539"
   },
   "outputs": [
    {
     "data": {
      "text/plain": [
       "  XY1         XY2        XZ1         XZ2         X5       \n",
       "1 -1.35304458 -0.8841192 -0.80694017  0.59275899 0.9040710\n",
       "2 -0.03276446 -0.8930248  0.40289417 -0.02683564 0.4549365\n",
       "3  0.49395437 -1.0369847  0.07879276 -0.39990796 0.1117328\n",
       "4  0.13038589 -0.2207672 -0.99625585 -0.52508619 1.8484595"
      ]
     },
     "metadata": {},
     "output_type": "display_data"
    }
   ],
   "source": [
    "A %>% filter(X5>0)"
   ]
  },
  {
   "cell_type": "markdown",
   "id": "692d6ac9-e2a1-44b0-884a-c73e6b4c4842",
   "metadata": {
    "id": "692d6ac9-e2a1-44b0-884a-c73e6b4c4842"
   },
   "source": [
    "`-` X5>0 이고 XY2>0 인 행들만 뽑고싶다. "
   ]
  },
  {
   "cell_type": "code",
   "execution_count": null,
   "id": "92f8b794-81e9-4f6f-a6d9-244282d60ec1",
   "metadata": {
    "id": "92f8b794-81e9-4f6f-a6d9-244282d60ec1",
    "outputId": "d79cbc79-2085-4d54-bd60-f3152043c3be"
   },
   "outputs": [
    {
     "data": {
      "text/plain": [
       "     XY1 XY2 XZ1 XZ2 X5"
      ]
     },
     "metadata": {},
     "output_type": "display_data"
    }
   ],
   "source": [
    "A %>% filter(X5>0 & XY2>0) "
   ]
  },
  {
   "cell_type": "markdown",
   "id": "7657b230-73d4-4503-a3ce-243b16e16399",
   "metadata": {
    "id": "7657b230-73d4-4503-a3ce-243b16e16399"
   },
   "source": [
    "`-` 위의 결과에서 XZ를 포함하는 열을 뽑고싶다. "
   ]
  },
  {
   "cell_type": "code",
   "execution_count": null,
   "id": "997562e6-8d69-423f-80ec-30a737304db4",
   "metadata": {
    "id": "997562e6-8d69-423f-80ec-30a737304db4",
    "outputId": "93b737e8-ee58-4220-e9a1-cac35973e435"
   },
   "outputs": [
    {
     "data": {
      "text/plain": [
       "     XZ1 XZ2"
      ]
     },
     "metadata": {},
     "output_type": "display_data"
    }
   ],
   "source": [
    "A %>% filter(X5>0 & XY2>0) %>% select(contains(\"XZ\"))"
   ]
  },
  {
   "cell_type": "markdown",
   "id": "017a5184-8305-4178-a816-7e9783429aa3",
   "metadata": {
    "id": "017a5184-8305-4178-a816-7e9783429aa3"
   },
   "source": [
    "### mutate()"
   ]
  },
  {
   "cell_type": "markdown",
   "id": "47dff1a7-7f6c-4956-b06d-190cbad4efae",
   "metadata": {
    "id": "47dff1a7-7f6c-4956-b06d-190cbad4efae"
   },
   "source": [
    "`-` 데이터를 확인 "
   ]
  },
  {
   "cell_type": "code",
   "execution_count": null,
   "id": "5814ab99-a408-458f-988c-db7ae1e45aa7",
   "metadata": {
    "id": "5814ab99-a408-458f-988c-db7ae1e45aa7",
    "outputId": "70caf723-3264-4631-82df-5d911741c7f3"
   },
   "outputs": [
    {
     "data": {
      "text/plain": [
       "   XY1         XY2         XZ1         XZ2         X5        \n",
       "1   1.17767702  0.63070688  0.95756614 -0.30129979 -0.1132809\n",
       "2   2.73106894  0.79315491 -1.06746861  0.63455394 -0.6277589\n",
       "3  -1.35304458 -0.88411918 -0.80694017  0.59275899  0.9040710\n",
       "4  -0.03276446 -0.89302478  0.40289417 -0.02683564  0.4549365\n",
       "5   0.53369832 -1.73600236  0.03584857  0.36659406 -0.3249856\n",
       "6   0.49395437 -1.03698473  0.07879276 -0.39990796  0.1117328\n",
       "7  -0.57098744 -0.01582456 -1.20817133  0.03857880 -0.1888670\n",
       "8   0.08639052  0.96717754 -0.67848560 -0.94117668 -0.3054000\n",
       "9   0.13038589 -0.22076719 -0.99625585 -0.52508619  1.8484595\n",
       "10 -0.83919513  1.01093743  0.99035758  0.68735157 -0.1747314"
      ]
     },
     "metadata": {},
     "output_type": "display_data"
    }
   ],
   "source": [
    "A"
   ]
  },
  {
   "cell_type": "markdown",
   "id": "cc6a7594-9947-4157-b3f2-d079932aa27e",
   "metadata": {
    "id": "cc6a7594-9947-4157-b3f2-d079932aa27e"
   },
   "source": [
    "`-` 새로운 변수추가 "
   ]
  },
  {
   "cell_type": "code",
   "execution_count": null,
   "id": "07ff90c4-519e-40cf-9500-1b25dc360099",
   "metadata": {
    "id": "07ff90c4-519e-40cf-9500-1b25dc360099",
    "outputId": "6d0ed39c-0749-4b8d-8049-e61fbfc2014b"
   },
   "outputs": [
    {
     "data": {
      "text/plain": [
       "   XY1         XY2         XZ1         XZ2         X5         X6       \n",
       "1   1.17767702  0.63070688  0.95756614 -0.30129979 -0.1132809 0.1132809\n",
       "2   2.73106894  0.79315491 -1.06746861  0.63455394 -0.6277589 0.6277589\n",
       "3  -1.35304458 -0.88411918 -0.80694017  0.59275899  0.9040710 0.9040710\n",
       "4  -0.03276446 -0.89302478  0.40289417 -0.02683564  0.4549365 0.4549365\n",
       "5   0.53369832 -1.73600236  0.03584857  0.36659406 -0.3249856 0.3249856\n",
       "6   0.49395437 -1.03698473  0.07879276 -0.39990796  0.1117328 0.1117328\n",
       "7  -0.57098744 -0.01582456 -1.20817133  0.03857880 -0.1888670 0.1888670\n",
       "8   0.08639052  0.96717754 -0.67848560 -0.94117668 -0.3054000 0.3054000\n",
       "9   0.13038589 -0.22076719 -0.99625585 -0.52508619  1.8484595 1.8484595\n",
       "10 -0.83919513  1.01093743  0.99035758  0.68735157 -0.1747314 0.1747314"
      ]
     },
     "metadata": {},
     "output_type": "display_data"
    }
   ],
   "source": [
    "A %>% mutate(X6=abs(X5))"
   ]
  },
  {
   "cell_type": "markdown",
   "id": "8816dd7e-2df1-43b7-a6cc-3088d2855355",
   "metadata": {
    "id": "8816dd7e-2df1-43b7-a6cc-3088d2855355"
   },
   "source": [
    "`-` 여러개의 새로운 변수를 추가하는 기능도 있음"
   ]
  },
  {
   "cell_type": "code",
   "execution_count": null,
   "id": "cb02fc0e-11df-457e-bfb6-e36753e6c70a",
   "metadata": {
    "id": "cb02fc0e-11df-457e-bfb6-e36753e6c70a",
    "outputId": "777665be-e0ab-47c1-e569-7177a67b5bcb"
   },
   "outputs": [
    {
     "data": {
      "text/plain": [
       "   XY1         XY2         XZ1         XZ2         X5         X6       \n",
       "1   1.17767702  0.63070688  0.95756614 -0.30129979 -0.1132809 0.1132809\n",
